2809,2831,1507
2810,2831,1040
2810,2806,448
2812,2831,771
2812,3855,1339
3813,2831,716
3813,5271,892
3813,5244,915
3813,4786,951
4782,2797,1172
4782,2831,1008
2771,5271,1685
2797,4782,1172
2831,2809,1507
2831,2810,1040
2831,2812,771
2831,3813,716
2831,4782,1008
2831,2793,1217
2831,2817,724
2793,2831,1217
2793,5271,1373
2793,4786,1464
2806,2810,448
5271,3813,892
5271,2771,1685
5271,2793,1373
5271,2817,555
2814,2817,1013
2814,4786,1557
4088,2817,1325
3855,2812,1339
3855,2817,1370
2817,2831,724
2817,5271,555
2817,2814,1013
2817,4088,1325
2817,3855,1370
5244,3813,915
4786,3813,951
4786,2793,1464
4786,2814,1557
2783,2784,488
2783,3855,1199
2782,2784,609
2784,2783,488
2784,2782,609
2784,5236,655
2784,6362,882
2784,3855,1459
2784,5237,517
2784,6398,1135
2784,2772,1860
5236,2784,655
2773,3855,1967
6362,2784,882
3855,2783,1199
3855,2784,1459
5237,2784,517
6398,2784,1135
2772,2784,1860
2647,2650,340
2670,2650,586
2670,2667,311
4700,2650,258
2660,2642,530
2660,2665,455
2650,2647,340
2650,2670,586
2650,4700,258
2650,2642,491
2650,2665,618
2642,2660,530
2642,2650,491
2642,2665,287
2667,2670,311
2665,2660,455
2665,2650,618
2665,2642,287
250,244,657
250,243,832
245,243,765
1021,250,921
1021,1059,1060
1021,243,699
244,250,657
244,243,334
242,295,127
242,243,792
1059,1021,1060
1059,243,1747
295,243,752
277,243,420
243,250,832
243,245,765
243,1021,699
243,244,334
243,242,792
243,1059,1747
243,295,752
243,277,420
2573,2539,994
2573,2554,712
2579,2539,744
2539,2573,994
2539,2579,744
2539,4680,1091
2539,2554,282
2536,2554,157
4680,2539,1091
2554,2573,712
2554,2539,282
2554,2536,157
1466,1633,1065
1229,1633,771
485,1633,923
1621,1031,2771
1166,1633,2505
1031,1633,3001
3959,1633,3337
1033,1621,2832
1633,1466,1065
1633,1229,771
1633,485,923
1633,1166,2505
1633,1031,3001
1633,3959,3337
719,708,119
725,704,844
725,698,444
725,677,306
725,707,378
725,4295,259
725,708,546
725,438,122
725,711,422
725,444,292
725,654,436
725,733,223
725,718,551
725,700,355
704,725,844
704,707,476
698,725,444
698,677,140
698,700,119
4299,718,159
677,725,306
677,698,140
431,444,260
707,725,378
707,704,476
4295,725,259
708,719,119
708,725,546
438,725,122
438,456,137
711,725,422
635,700,419
444,725,292
444,431,260
456,438,137
654,725,436
733,725,223
718,725,551
718,4299,159
700,725,355
700,635,419
3330,5398,91
5398,5397,28
4655,2289,669
3962,2289,786
2290,2289,888
4660,2289,450
2307,2289,627
5898,2289,6929
2293,2289,1040
2311,2289,347
3965,2289,329
2289,4655,669
2289,3962,786
2289,2290,888
2289,4660,450
2289,2307,627
2289,5898,6929
2289,2293,1040
2289,2311,347
2289,3965,329
2289,2308,305
2289,3966,768
2289,2312,584
2289,4662,374
2289,4652,717
2289,4657,357
2289,2294,851
2308,2289,305
3966,2289,768
2312,2289,584
4662,2289,374
4652,2289,717
4657,2289,357
2294,2289,851
5529,3972,341
5526,2403,526
5526,2488,732
2403,5526,526
2403,5520,938
2403,2481,586
2407,2435,733
2420,2433,745
2420,5520,423
2410,5533,195
5533,2410,195
5533,2435,877
2431,2481,502
2435,2407,733
2435,5533,877
2435,2481,289
2435,2501,436
2435,2500,538
2435,4674,1120
2433,2420,745
2433,3972,711
2433,2481,523
2433,2500,272
5520,2403,938
5520,2420,423
2400,2481,423
3972,5529,341
3972,2433,711
2481,2403,586
2481,2431,502
2481,2435,289
2481,2433,523
2481,2400,423
2481,2486,173
2481,2500,255
2486,2481,173
2488,5526,732
2488,4674,350
2501,2435,436
2501,2500,102
2500,2435,538
2500,2433,272
2500,2481,255
2500,2501,102
4674,2435,1120
4674,2488,350
4412,3629,300
4412,3477,235
3823,3629,252
3823,3477,177
3390,3477,325
3629,4412,300
3629,3823,252
3477,4412,235
3477,3823,177
3477,3390,325
245,1059,2149
245,270,401
245,1039,1130
1186,1027,3600
1027,1186,3600
1027,1059,180
1027,1036,646
3929,4356,341
1059,245,2149
1059,1027,180
1059,877,3210
1059,1036,826
1059,270,2446
1059,4356,374
877,1059,3210
877,270,764
1036,1027,646
1036,1059,826
1036,497,4877
1036,1039,410
497,1036,4877
270,245,401
270,1059,2446
270,877,764
270,1039,1512
4356,3929,341
4356,1059,374
1039,245,1130
1039,1036,410
1039,270,1512
4207,4205,178
4207,5102,98
4213,152,157
61,4197,184
61,5102,715
61,144,950
4197,61,184
4197,4221,355
4197,4230,167
4197,4216,160
4197,144,1127
4197,147,790
4205,4207,178
4205,4236,120
4182,4209,84
4182,4200,115
4182,152,233
79,110,947
79,152,379
79,159,209
79,200,511
4221,5102,181
4221,4216,235
4221,152,565
4209,4182,84
4209,5103,73
4209,152,150
5102,4207,98
5102,61,715
5102,4221,181
5102,152,550
110,79,947
110,144,233
4200,4182,115
4200,5448,137
4230,4197,167
4230,4216,167
5103,4209,73
5103,152,109
4216,4197,160
4216,4221,235
4216,4230,167
144,61,950
144,4197,1127
144,110,233
144,147,492
147,4197,790
147,144,492
152,4213,157
152,4197,650
152,4182,233
152,79,379
152,4221,565
152,4209,150
152,5102,550
152,5103,109
5448,4200,137
5448,4236,207
159,79,209
159,200,303
4236,4205,120
4236,5448,207
200,79,511
200,159,303
3893,2100,1992
3893,2002,1204
3893,4375,1086
4375,3838,1002
3838,4375,1002
3684,3123,1417
3786,3123,3339
3894,3123,2183
3189,3123,3650
2914,3123,2566
3010,3123,980
3780,2289,2635
3780,2178,1703
3111,3123,297
2289,3780,2635
2289,3123,2375
3115,3123,602
3156,3123,3911
2873,3123,1138
2874,3123,1341
3053,3123,1932
3027,3123,1093
3123,3684,1417
3123,3786,3339
3123,3894,2183
3123,3189,3650
3123,2914,2566
3123,3010,980
3123,3111,297
3123,2289,2375
3123,3115,602
3123,3156,3911
3123,2873,1138
3123,2874,1341
3123,3053,1932
3123,3027,1093
3123,4036,2813
3123,2178,3222
4036,3123,2813
2178,3780,1703
2178,3123,3222
1634,1516,528
334,1633,556
341,378,448
1516,1634,528
1516,378,549
1516,342,633
1516,1633,540
378,341,448
378,1516,549
378,338,663
378,1480,753
378,347,606
378,1178,600
3774,1519,852
1567,1633,523
338,378,663
342,1516,633
1519,3774,852
1480,378,753
1570,1633,336
347,378,606
1178,378,600
1633,334,556
1633,1516,540
1633,1567,523
1633,1570,336
3481,5264,594
3481,3553,128
3481,4062,429
3481,4442,318
3481,4445,519
3481,4459,407
1874,3332,98
1877,3332,354
1877,3521,366
3674,3332,233
3674,3592,220
3674,3445,388
3332,1874,98
3332,1877,354
3332,3674,233
3332,1882,155
3332,1875,514
3332,1878,393
3332,3677,286
3332,1867,310
3332,1871,285
3332,3445,317
1882,3332,155
1875,3332,514
1875,1878,197
1878,3332,393
4759,4459,222
3272,3677,169
3272,3445,192
3511,1867,631
3511,3445,292
5264,3481,594
3553,3481,128
3553,3677,524
3677,3332,286
3677,3272,169
3677,3553,524
3677,1867,468
3677,3363,613
3677,3592,215
3677,3497,367
4062,3481,429
1867,3332,310
1867,3511,631
1867,3677,468
1867,3521,300
4442,3481,318
3521,1877,366
3521,1867,300
3521,3445,280
4445,3481,519
3363,3677,613
3363,3445,530
3592,3674,220
3592,3677,215
1871,3332,285
3497,3677,367
3497,3445,322
3445,3674,388
3445,3332,317
3445,3272,192
3445,3511,292
3445,3521,280
3445,3363,530
3445,3497,322
4459,3481,407
4459,4759,222
574,4361,2023
574,1055,2027
1186,1049,1227
1186,4361,831
1186,1055,931
1485,1049,2010
1497,1049,2043
299,1049,2183
299,4361,1870
299,1055,1881
340,4361,1946
1049,1186,1227
1049,1485,2010
1049,1497,2043
1049,299,2183
1049,1493,1804
1049,497,2066
1049,1299,1747
1049,1323,1514
1049,4049,3350
1049,1238,1380
1049,1498,2168
1493,1049,1804
1042,1323,1322
497,1049,2066
497,1055,1775
1299,1049,1747
1323,1049,1514
1323,1042,1322
1323,4361,1128
4361,574,2023
4361,1186,831
4361,299,1870
4361,340,1946
4361,1323,1128
4361,3785,719
3785,4361,719
4049,1049,3350
1238,1049,1380
1055,574,2027
1055,1186,931
1055,299,1881
1055,497,1775
1498,1049,2168
2748,2700,81
2748,2704,285
2749,2750,75
2750,2748,120
2700,2748,81
2704,2748,285
2810,3813,1235
2810,2793,1902
2822,3813,2616
3813,2810,1235
3813,2822,2616
3813,4782,537
3813,4775,2982
3813,4779,2775
3813,4776,2922
3813,5073,2624
3813,2823,2760
3813,1689,2001
4782,3813,537
4775,3813,2982
4779,3813,2775
2793,2810,1902
4776,3813,2922
5073,3813,2624
2823,3813,2760
1689,3813,2001
2729,2735,101
2636,2733,1441
2750,1707,698
2732,2735,84
2732,2752,338
2733,2636,1441
2733,2735,195
2733,1707,1017
2733,2746,63
2735,2729,101
2735,2732,84
2735,2733,195
2735,5062,229
2735,1707,896
2735,2734,260
2735,2752,259
5062,2735,229
1707,2735,896
1707,2752,694
2734,2735,260
2746,2733,63
2752,2732,338
2752,2735,259
2752,1707,694
4975,3182,1436
3173,3196,966
3173,3198,1223
3173,2149,3518
3178,4102,1463
3178,3196,862
3178,3198,1025
3178,3189,781
3178,3203,1621
3178,3185,1483
3178,3202,2486
4102,3178,1463
4102,3191,1487
4102,3883,1068
4102,3171,879
3196,3173,966
3196,3178,862
3196,3174,662
3196,3198,276
3196,3884,1277
3196,3205,1707
3196,4977,374
3196,3894,1154
3196,3189,1329
3196,3010,2555
3196,3860,976
3196,3187,903
3196,3185,631
3196,3181,806
3196,3816,712
3196,3872,1522
3196,3190,1429
3196,3191,1189
3196,3176,805
3196,3169,1464
3196,3206,1461
3196,4036,1195
3196,3166,8485
3196,3814,1300
3196,3177,1063
3196,3883,1262
3196,2177,1559
3196,3171,1432
3196,3172,1050
3196,3202,2313
3196,3179,736
3196,5014,1333
3196,3182,562
3196,4990,869
3196,4985,474
3196,4981,1016
3174,3196,662
3174,3198,937
3174,3188,685
3174,3185,1078
3174,3914,1761
3174,5016,749
3174,3186,635
3198,3173,1223
3198,3178,1025
3198,3196,276
3198,3174,937
3198,6495,400
3198,5053,1127
3198,3894,1352
3198,6107,1174
3198,4969,1344
3198,3192,1276
3198,3189,1580
3198,2914,1352
3198,3010,2566
3198,3724,2204
3198,3860,899
3198,3184,1008
3198,4035,254
3198,3187,1169
3198,3185,617
3198,5003,1183
3198,3197,529
3198,3181,661
3198,3816,564
3198,5000,870
3198,3872,1263
3198,5026,937
3198,3145,8697
3198,3191,1424
3198,3176,981
3198,3169,1556
3198,3206,1704
3198,3914,2135
3198,4971,1304
3198,3814,1472
3198,3177,1318
3198,3193,1648
3198,3883,1410
3198,2177,1834
3198,3171,1546
3198,3172,1127
3198,3202,2071
3198,5016,1665
3198,3179,981
3198,5014,1572
3198,5027,430
3198,3199,335
3198,3182,623
3198,3186,1549
3198,4990,685
3198,3918,1335
3198,4985,721
3198,6342,1509
3884,3196,1277
3884,3203,1622
3884,3186,836
3884,4979,1271
4968,3172,268
6495,3198,400
3205,3196,1707
3205,3189,977
3205,3203,835
3205,3883,446
3205,3918,651
4042,3181,868
5053,3198,1127
5053,3914,1174
4977,3196,374
4977,3191,859
3188,3174,685
3188,3182,1411
6496,3872,1263
6496,3182,560
3894,3196,1154
3894,3198,1352
3894,3189,1521
3894,3190,1561
3894,4979,380
6107,3198,1174
4969,3198,1344
3192,3198,1276
3189,3178,781
3189,3196,1329
3189,3198,1580
3189,3205,977
3189,3894,1521
3189,3197,1394
3189,3171,1028
3189,3172,1102
2914,3198,1352
2914,4985,949
2914,4981,387
3010,3196,2555
3010,3198,2566
3203,3178,1621
3203,3884,1622
3203,3205,835
3203,3860,1843
3203,3190,1805
3203,3191,1670
3203,5260,799
3203,4971,1254
3203,3883,1231
3203,3171,1027
3203,5016,2026
3203,3179,1952
3203,3182,1932
3203,3918,1483
3724,3198,2204
3860,3196,976
3860,3198,899
3860,3203,1843
3860,3175,1523
5052,3181,592
3184,3198,1008
3184,3185,412
5010,3197,1197
5010,3179,793
4035,3198,254
3200,3202,1066
3187,3196,903
3187,3198,1169
3187,3185,1351
3187,3190,550
3185,3178,1483
3185,3196,631
3185,3174,1078
3185,3198,617
3185,3184,412
3185,3187,1351
3185,3197,419
3185,5000,451
3185,3190,1900
3185,3191,1722
3185,3193,2074
3185,3883,1883
3185,2178,1842
3185,5027,833
3185,3182,1181
3185,3186,1534
3185,3918,1727
5003,3198,1183
5003,3186,367
3197,3198,529
3197,3189,1394
3197,5010,1197
3197,3185,419
3197,3181,1149
3197,3814,954
3197,5016,1397
3197,3918,1327
3175,3860,1523
3175,4971,1517
3175,3814,772
3181,3196,806
3181,3198,661
3181,4042,868
3181,5052,592
3181,3197,1149
3181,3171,1239
3816,3196,712
3816,3198,564
3816,5024,685
5000,3198,870
5000,3185,451
3872,3196,1522
3872,3198,1263
3872,6496,1263
3872,3182,1776
3872,4990,1312
5009,3182,885
5026,3198,937
3145,3198,8697
5024,3816,685
5024,3191,1337
5024,3814,1533
5024,4990,619
3190,3196,1429
3190,3894,1561
3190,3203,1805
3190,3187,550
3190,3185,1900
3190,3914,1326
3190,3814,1769
3191,4102,1487
3191,3196,1189
3191,3198,1424
3191,4977,859
3191,3203,1670
3191,3185,1722
3191,5024,1337
3191,3814,1770
3176,3196,805
3176,3198,981
3176,3027,1321
3176,3179,1088
5260,3203,799
3169,3196,1464
3169,3198,1556
3169,5027,1267
3169,5886,1028
3206,3196,1461
3206,3198,1704
3206,2149,3014
3027,3176,1321
3914,3174,1761
3914,3198,2135
3914,5053,1174
3914,3190,1326
3914,3172,1024
3914,3918,990
3914,154,8003
4971,3198,1304
4971,3203,1254
4971,3175,1517
2149,3173,3518
2149,3206,3014
4036,3196,1195
3166,3196,8485
3814,3196,1300
3814,3198,1472
3814,3197,954
3814,3175,772
3814,5024,1533
3814,3190,1769
3814,3191,1770
3814,3883,2200
3814,5016,1583
3814,3885,1268
3177,3196,1063
3177,3198,1318
3177,5027,1053
3193,3198,1648
3193,3185,2074
3883,4102,1068
3883,3196,1262
3883,3198,1410
3883,3205,446
3883,3203,1231
3883,3185,1883
3883,3814,2200
3883,3182,810
2178,3185,1842
2177,3196,1559
2177,3198,1834
3171,4102,879
3171,3196,1432
3171,3198,1546
3171,3189,1028
3171,3203,1027
3171,3181,1239
3172,3196,1050
3172,3198,1127
3172,4968,268
3172,3189,1102
3172,3914,1024
3202,3178,2486
3202,3196,2313
3202,3198,2071
3202,3200,1066
3202,3182,2105
4992,3182,441
5016,3174,749
5016,3198,1665
5016,3203,2026
5016,3197,1397
5016,3814,1583
3179,3196,736
3179,3198,981
3179,3203,1952
3179,5010,793
3179,3176,1088
5014,3196,1333
5014,3198,1572
5027,3198,430
5027,3185,833
5027,3169,1267
5027,3177,1053
3199,3198,335
3182,4975,1436
3182,3196,562
3182,3198,623
3182,3188,1411
3182,6496,560
3182,3203,1932
3182,3185,1181
3182,3872,1776
3182,5009,885
3182,3883,810
3182,3202,2105
3182,4992,441
3182,3186,1425
3182,4990,650
3182,3885,743
3186,3174,635
3186,3198,1549
3186,3884,836
3186,3185,1534
3186,5003,367
3186,3182,1425
4990,3196,869
4990,3198,685
4990,3872,1312
4990,5024,619
4990,3182,650
4990,5886,300
3918,3198,1335
3918,3205,651
3918,3203,1483
3918,3185,1727
3918,3197,1327
3918,3914,990
3885,3814,1268
3885,3182,743
4985,3196,474
4985,3198,721
4985,2914,949
6342,3198,1509
154,3914,8003
4981,3196,1016
4981,2914,387
5886,3169,1028
5886,4990,300
4979,3884,1271
4979,3894,380
3676,3284,380
3284,3676,380
1100,1548,392
1548,1100,392
4621,5430,63
5430,4621,63
3223,4621,20
6117,2829,1860
4777,2829,2169
4088,3886,1147
4088,2833,1696
4088,2829,2370
4769,4766,646
4769,2829,2186
4766,4769,646
4766,2817,534
4766,2829,1645
2817,4766,534
3886,4088,1147
4091,2829,1279
2833,4088,1696
2829,6117,1860
2829,4777,2169
2829,4088,2370
2829,4769,2186
2829,4766,1645
2829,4091,1279
3684,2913,1568
4802,2913,116
2882,2906,349
2882,2913,239
2906,2882,349
2906,2913,229
2906,2106,3429
2905,2913,311
2913,3684,1568
2913,4802,116
2913,2882,239
2913,2906,229
2913,2905,311
2913,2100,3537
2913,2002,5231
2913,2908,146
2913,2959,662
2913,3111,2642
2913,2106,3262
2913,2910,261
2913,2911,194
2100,2913,3537
2002,2913,5231
2908,2913,146
2959,2913,662
3111,2913,2642
2106,2906,3429
2106,2913,3262
2909,2913,192
2910,2913,261
2910,2909,150
2911,2913,194
4199,126,383
126,4199,383
3469,3776,8534
3776,3469,8534
3776,3596,8535
3776,3375,7119
3776,1705,6027
3596,3776,8535
3375,3776,7119
3375,1705,1466
1705,3776,6027
1705,3375,1466
48,174,1529
86,154,287
86,174,1546
99,194,3100
154,86,287
154,174,1483
174,86,1546
174,154,1483
174,176,1678
174,194,1104
176,48,246
194,99,3100
194,174,1104
1727,1766,307
1727,1792,288
1729,1766,422
2573,1766,3159
1738,1766,1409
1740,1766,1543
1733,1766,769
1739,1766,899
1737,1766,1134
1736,1766,1049
1794,1766,1284
1794,1767,1448
1794,1792,1337
1741,1766,1245
1743,1766,1275
1747,1766,459
1747,1767,670
1747,3420,1114
1747,1782,723
1747,3666,2049
1747,1789,1902
1712,1766,1056
1848,1766,1771
1750,1766,1619
1730,1766,504
3596,1766,3365
1758,1766,1274
3676,1767,1832
3676,1792,2405
1766,1727,307
1766,1729,422
1766,2573,3159
1766,1738,1409
1766,1740,1543
1766,1733,769
1766,1739,899
1766,1737,1134
1766,1736,1049
1766,1794,1284
1766,1741,1245
1766,1743,1275
1766,1747,459
1766,1712,1056
1766,1848,1771
1766,1750,1619
1766,1730,504
1766,3596,3365
1766,1758,1274
1766,3375,2051
1766,1761,996
1766,1764,496
1766,1767,713
1766,1768,852
1766,1771,367
1766,7357,774
1766,1778,660
1766,1781,736
1766,3420,1124
1766,1782,1178
1766,1825,1910
1766,3666,2442
1766,1790,342
1766,1788,715
1766,1789,2301
1766,1787,814
1766,1796,304
1766,1795,678
1766,1797,537
1766,1798,324
1766,1800,577
3375,1766,2051
1761,1766,996
1764,1766,496
1767,1794,1448
1767,1747,670
1767,3676,1832
1767,1766,713
1767,3420,448
1767,1792,718
1768,1766,852
1771,1766,367
7357,1766,774
1778,1766,660
1778,1792,613
1781,1766,736
3420,1747,1114
3420,1766,1124
3420,1767,448
3420,1792,1139
1782,1747,723
1782,1766,1178
1782,1792,1134
1825,1766,1910
3666,1747,2049
3666,1766,2442
1790,1766,342
1788,1766,715
1789,1747,1902
1789,1766,2301
1792,1727,288
1792,1794,1337
1792,3676,2405
1792,1767,718
1792,1778,613
1792,3420,1139
1792,1782,1134
1792,1798,278
1787,1766,814
1796,1766,304
1795,1766,678
1797,1766,537
1798,1766,324
1798,1792,278
1800,1766,577
2930,1978,1543
2930,1980,1001
2100,1980,1686
1978,2930,1543
1978,1980,642
1980,2930,1001
1980,2100,1686
1980,1978,642
1980,1983,299
1983,1980,299
1643,1633,2166
1387,1102,3216
1102,1387,3216
1102,1633,3146
1688,1633,1120
1683,1633,1198
1633,1643,2166
1633,1102,3146
1633,1688,1120
1633,1683,1198
1197,346,1739
1197,347,2246
208,340,1607
574,338,379
4043,341,986
4043,347,994
725,340,1189
725,341,1162
725,338,826
3734,340,1953
3734,346,1682
1643,340,2432
1186,340,1133
1186,341,1167
1186,348,1368
1186,338,1493
1186,346,995
1466,346,1127
1685,346,947
627,338,795
465,338,794
465,347,1016
1285,340,941
1285,341,993
1285,338,1232
1285,346,683
1285,347,1148
1185,341,1148
1185,346,1110
1497,340,769
1497,347,904
349,346,486
1461,340,1310
1461,341,1363
1461,346,1027
299,346,420
1387,341,415
1452,340,959
1452,338,950
1452,346,759
1479,340,1300
1479,341,1350
1479,346,1050
1346,338,728
1424,340,1598
1424,334,1368
1424,346,1320
340,208,1607
340,725,1189
340,3734,1953
340,1643,2432
340,1186,1133
340,1285,941
340,1497,769
340,1461,1310
340,1452,959
340,1479,1300
340,1424,1598
340,1286,936
340,1469,1616
340,1169,1251
340,334,464
340,592,957
340,529,896
340,1583,1951
340,1514,1081
340,378,395
340,338,363
340,4258,582
340,1416,2251
340,1193,1408
340,1432,2072
340,1442,2171
340,1422,2224
340,4054,706
340,1426,1740
340,344,361
340,502,534
340,1595,1850
340,1031,3175
340,473,699
340,1484,594
340,1519,1239
340,1318,801
340,1480,1123
340,3785,1304
340,1472,1487
340,1545,510
340,1520,835
340,1172,834
340,1050,2478
340,1436,2314
340,1174,836
340,756,486
340,4049,2030
340,1602,1148
340,1449,1677
340,1175,1067
340,542,492
340,1468,1508
340,1570,545
340,1548,3088
340,284,1578
340,347,463
340,1510,710
340,1571,746
340,1509,669
340,668,966
340,1194,1888
340,1178,971
340,1177,871
340,1633,392
1286,340,936
1469,340,1616
1469,341,1670
1469,348,1719
1469,338,1839
1469,346,1334
1469,347,1684
483,341,702
1169,340,1251
1169,341,1303
1169,348,1274
1169,338,1374
1169,346,978
1169,347,1172
334,1424,1368
334,340,464
334,341,488
334,346,424
369,4258,513
369,342,461
369,3785,1383
369,4049,2032
369,1175,1100
592,340,957
592,341,915
341,4043,986
341,725,1162
341,1186,1167
341,1285,993
341,1185,1148
341,1461,1363
341,1387,415
341,1479,1350
341,1469,1670
341,483,702
341,1169,1303
341,334,488
341,592,915
341,1621,564
341,4258,576
341,1416,2303
341,1193,1443
341,661,868
341,344,380
341,1299,631
341,1196,1441
341,1323,883
341,1484,646
341,476,830
341,343,365
341,1480,1174
341,3785,1342
341,663,702
341,1545,544
341,1688,1449
341,1449,1727
341,1175,1119
341,1468,1562
341,1486,680
341,1510,763
341,668,981
341,669,705
341,1178,1023
529,340,896
1583,340,1951
1583,338,2306
1583,346,1902
1514,340,1081
1514,348,1201
1514,338,1326
1514,346,802
1514,347,1199
378,340,395
3931,338,555
3774,338,628
3774,347,552
336,4258,573
1621,341,564
1621,338,867
348,1186,1368
348,1469,1719
348,1169,1274
348,1514,1201
348,1416,2262
348,1484,763
348,1519,1333
348,3785,1531
348,1688,1388
348,4049,1962
348,1449,1667
348,1175,1106
348,542,647
348,346,421
348,1468,1589
348,1510,797
348,1571,687
338,574,379
338,725,826
338,1186,1493
338,627,795
338,465,794
338,1285,1232
338,1452,950
338,1346,728
338,340,363
338,1469,1839
338,1169,1374
338,1583,2306
338,1514,1326
338,3931,555
338,3774,628
338,1621,867
338,1416,2353
338,4054,836
338,502,745
338,1196,1781
338,473,811
338,1484,894
338,1519,1453
338,1318,1127
338,343,466
338,1480,1416
338,635,733
338,3785,1659
338,1545,490
338,1688,1474
338,1174,992
338,4049,2020
338,1449,1752
338,1175,1213
338,346,552
338,1238,1278
338,1510,919
338,1571,767
338,1509,918
338,1633,693
4258,340,582
4258,369,513
4258,341,576
4258,336,573
4258,346,671
417,347,1119
1416,340,2251
1416,341,2303
1416,348,2262
1416,338,2353
1416,346,1977
1416,347,2132
1193,340,1408
1193,341,1443
1193,346,1259
1193,347,1776
1432,340,2072
1442,340,2171
1422,340,2224
4054,340,706
4054,338,836
4054,347,662
659,346,779
661,341,868
1426,340,1740
1426,346,1487
344,340,361
344,341,380
344,346,372
502,340,534
502,338,745
502,346,756
502,347,947
1489,347,843
1595,340,1850
1595,346,1833
1031,340,3175
1299,341,631
1196,341,1441
1196,338,1781
473,340,699
473,338,811
1323,341,883
342,369,461
1484,340,594
1484,341,646
1484,348,763
1484,338,894
1484,346,342
1519,340,1239
1519,348,1333
1519,338,1453
1519,346,955
1318,340,801
1318,338,1127
1318,347,1087
476,341,830
343,341,365
343,338,466
343,347,374
1480,340,1123
1480,341,1174
1480,338,1416
1480,346,867
635,338,733
3785,340,1304
3785,369,1383
3785,341,1342
3785,348,1531
3785,338,1659
3785,346,1139
3785,347,1656
1472,340,1487
663,341,702
1545,340,510
1545,341,544
1545,338,490
1688,341,1449
1688,348,1388
1688,338,1474
1688,346,1141
1688,347,1252
1520,340,835
1172,340,834
1050,340,2478
1436,340,2314
1174,340,836
1174,338,992
1174,346,560
756,340,486
756,346,619
4049,340,2030
4049,369,2032
4049,348,1962
4049,338,2020
4049,346,1799
4049,347,1773
1602,340,1148
1602,346,884
1602,347,1040
1449,340,1677
1449,341,1727
1449,348,1667
1449,338,1752
1449,346,1414
1175,340,1067
1175,369,1100
1175,341,1119
1175,348,1106
1175,338,1213
1175,346,790
1175,347,1027
542,340,492
542,348,647
542,346,730
346,1197,1739
346,3734,1682
346,1186,995
346,1466,1127
346,1685,947
346,1285,683
346,1185,1110
346,349,486
346,1461,1027
346,299,420
346,1452,759
346,1479,1050
346,1424,1320
346,1469,1334
346,1169,978
346,334,424
346,1583,1902
346,1514,802
346,348,421
346,338,552
346,4258,671
346,1416,1977
346,1193,1259
346,659,779
346,1426,1487
346,344,372
346,502,756
346,1595,1833
346,1484,342
346,1519,955
346,1480,867
346,3785,1139
346,1688,1141
346,1174,560
346,756,619
346,4049,1799
346,1602,884
346,1449,1414
346,1175,790
346,542,730
346,1468,1224
346,347,517
346,1571,546
346,1178,692
346,1177,612
1468,340,1508
1468,341,1562
1468,348,1589
1468,346,1224
1570,340,545
1238,338,1278
1548,340,3088
1486,341,680
284,340,1578
347,1197,2246
347,4043,994
347,465,1016
347,1285,1148
347,1497,904
347,340,463
347,1469,1684
347,1169,1172
347,1514,1199
347,3774,552
347,417,1119
347,1416,2132
347,1193,1776
347,4054,662
347,502,947
347,1489,843
347,1318,1087
347,343,374
347,3785,1656
347,1688,1252
347,4049,1773
347,1602,1040
347,1175,1027
347,346,517
347,1571,547
347,1509,815
347,1178,952
1510,340,710
1510,341,763
1510,348,797
1510,338,919
1571,340,746
1571,348,687
1571,338,767
1571,346,546
1571,347,547
1509,340,669
1509,338,918
1509,347,815
668,340,966
668,341,981
669,341,705
1194,340,1888
1178,340,971
1178,341,1023
1178,346,692
1178,347,952
1177,340,871
1177,346,612
1633,340,392
1633,338,693
5088,3631,407
3217,5088,136
5372,5440,43
5365,3631,277
5365,3220,67
3631,3217,287
3631,5372,166
3631,5365,277
3631,3220,229
3631,5445,133
3631,5371,173
3220,5365,67
3220,3631,229
5440,3631,209
5371,3631,173
3398,5357,64
3398,5419,153
3398,5424,114
3398,5359,21
3398,5361,121
3398,5976,160
3398,6559,13
5266,3398,151
5357,3398,64
5357,5424,52
5429,5360,19
5419,5266,28
5360,3398,124
5424,3398,114
5424,5357,52
5976,5977,23
6560,3398,9
3230,3398,197
6559,6560,11
1807,1825,227
5253,1825,155
5106,1828,128
1819,4511,19
1821,1825,161
1821,4512,169
1805,1825,321
1824,5107,75
4511,1825,191
1827,1825,142
1825,1807,227
1825,5253,155
1825,5106,71
1825,1819,187
1825,1805,321
1825,1824,158
1825,4511,191
1825,5107,93
1825,4507,81
1825,1828,62
4512,1821,169
5107,1825,93
4507,1825,81
1828,1827,91
1828,1825,62
245,4257,200
4257,245,200
1110,1114,305
1110,3838,268
1143,3838,908
1112,1110,79
1112,3838,280
1115,4382,141
1114,1110,305
1116,3838,423
1116,1156,247
4382,1115,141
4382,3838,412
3838,1110,268
3838,1143,908
3838,1112,280
3838,1114,515
3838,1116,423
3838,4382,412
1156,1116,247
2306,3967,118
2306,3865,498
2306,2289,468
3081,2289,1097
3684,2289,2188
3084,2289,1255
3962,3967,223
3173,2289,1278
3967,2306,118
3967,3962,223
3967,4649,142
3967,3910,657
3967,2307,131
3967,3963,202
3967,3865,398
3967,2293,488
3967,2914,1711
3967,5273,228
3967,3724,3030
3967,2310,173
3967,2311,232
3967,3965,318
3967,2289,567
3967,2308,285
3967,3966,237
3967,2292,281
3967,2312,575
3967,2266,2811
3967,3123,2423
3967,4652,176
3967,2305,154
3967,3961,469
3967,2294,431
3087,2289,2788
4649,3967,142
3910,3967,657
3910,2914,1056
3910,2956,1067
3910,3123,2382
5108,2289,280
2307,3967,131
3963,3967,202
3963,3865,302
3963,2289,704
3733,2289,2665
3865,2306,498
3865,3967,398
3865,3963,302
3865,2310,538
3865,2289,964
3865,2312,811
3865,2294,396
2100,2289,6906
2293,3967,488
2293,2310,603
3023,2289,1773
2914,3967,1711
2914,3910,1056
2914,2310,1569
2914,2289,1146
3010,2289,2574
5273,3967,228
3724,3967,3030
3724,2311,2896
3724,2289,2609
2310,3967,173
2310,3865,538
2310,2293,603
2310,2914,1569
2310,2289,439
2310,2312,426
2310,3123,2299
2311,3967,232
2311,3724,2896
3111,2289,2490
3964,2289,411
3965,3967,318
2956,3910,1067
2956,2289,1156
2289,2306,468
2289,3081,1097
2289,3684,2188
2289,3084,1255
2289,3173,1278
2289,3967,567
2289,3087,2788
2289,5108,280
2289,3963,704
2289,3733,2665
2289,3865,964
2289,2100,6906
2289,3023,1773
2289,2914,1146
2289,3010,2574
2289,3724,2609
2289,2310,439
2289,3111,2490
2289,3964,411
2289,2956,1156
2289,3735,2760
2289,2181,3051
2289,2292,789
2289,3169,2876
2289,2266,2431
2289,3206,1851
2289,2874,1860
2289,3027,1611
2289,2299,239
2289,2305,567
2289,3781,620
2289,2178,1175
2289,3961,283
2289,4658,359
2289,4654,264
2289,3186,1156
2308,3967,285
3735,2289,2760
2181,2289,3051
3966,3967,237
2292,3967,281
2292,2289,789
3169,2289,2876
2312,3967,575
2312,3865,811
2312,2310,426
2266,3967,2811
2266,2289,2431
3206,2289,1851
2874,2289,1860
3027,2289,1611
3123,3967,2423
3123,3910,2382
3123,2310,2299
2299,2289,239
4652,3967,176
2305,3967,154
2305,2289,567
3781,2289,620
2178,2289,1175
3961,3967,469
3961,2289,283
4658,2289,359
4654,2289,264
3186,2289,1156
2294,3967,431
2294,3865,396
2729,4712,85
4712,2729,85
4086,4741,241
4086,2793,759
4086,2794,581
4086,4094,651
4086,2826,976
4086,4092,787
4741,4086,241
2793,4086,759
2793,2794,1006
2793,2830,1133
2794,4086,581
2794,2793,1006
2794,2826,1443
2794,653,553
4094,4086,651
2830,2793,1133
2830,2826,995
2826,4086,976
2826,2794,1443
2826,2830,995
653,2794,553
4092,4086,787
2517,2515,325
2522,2516,429
2515,2516,1431
2516,2517,1107
2320,2673,220
2320,5150,305
2563,2673,1077
2417,2673,1226
3776,2673,229
2431,2673,1824
2435,2673,1570
2673,2320,220
2673,2563,1077
2673,2417,1226
2673,3776,229
2673,2431,1824
2673,2435,1570
2673,2469,706
2673,2516,1367
5150,2320,305
2469,2673,706
2516,2673,1367
28,4188,283
28,4235,287
31,36,432
31,181,456
31,194,850
36,31,432
36,194,596
4188,28,283
4188,130,92
39,54,748
39,74,411
48,194,1019
49,4235,149
49,185,262
53,153,445
54,39,748
54,4196,853
54,99,2097
54,130,1176
54,138,392
54,146,793
54,168,297
4196,54,853
4196,74,394
4196,146,69
68,181,136
68,194,1089
74,39,411
74,4196,394
99,54,2097
130,28,257
130,4188,92
130,49,217
130,54,1176
130,145,498
130,185,465
130,194,1136
130,40,460
138,54,392
139,185,398
146,54,793
146,4196,69
150,168,172
153,53,445
153,194,680
158,130,1468
158,185,1003
4235,130,68
168,54,297
168,150,172
181,31,456
181,68,136
185,49,262
185,130,465
185,139,398
185,158,1003
194,31,850
194,36,596
194,48,1019
194,68,1089
194,130,1136
194,153,680
194,181,1218
40,130,460
40,145,291
1891,3808,180
3808,1891,180
3808,1712,269
1712,3808,269
1712,1716,296
1712,1720,361
1718,1712,470
1716,1712,296
1720,1712,361
780,819,436
795,808,563
808,795,563
819,780,436
819,795,1002
2835,2964,1222
2835,2838,444
2835,2882,1620
2835,2930,757
2835,2848,865
2835,7228,888
2835,2935,526
2835,2977,1375
2835,2858,517
2881,2964,1166
2881,2838,1362
2881,2882,382
2881,2930,1278
2881,7228,847
2881,2903,391
2842,2838,363
2842,2930,794
3684,2882,1637
3684,2930,2948
2964,2835,1222
2964,2881,1166
2964,2838,834
2964,2882,1547
2964,2969,367
2964,2930,1710
2964,4799,2039
2964,2848,483
2964,7228,455
2964,2935,1528
2964,2942,1544
2964,2977,268
2964,2856,889
2964,2858,723
2964,2986,531
2964,2903,776
2838,2835,444
2838,2881,1362
2838,2842,363
2838,2964,834
2838,2882,1665
2838,2968,1002
2838,2969,1064
2838,2930,1138
2838,2100,1926
2838,4799,2071
2838,2848,425
2838,7228,623
2838,2849,506
2838,2926,1347
2838,2937,1525
2838,2935,911
2838,2942,1184
2838,2977,1033
2838,2106,1590
2838,2856,683
2838,2898,1449
2838,2948,1667
2838,2986,1258
2882,2835,1620
2882,2881,382
2882,3684,1637
2882,2964,1547
2882,2838,1665
2882,2930,1313
2882,2894,852
2882,4799,498
2882,7228,1208
2882,2887,602
2882,2877,317
2882,2879,448
2882,2900,328
2882,2935,1357
2882,2977,1386
2882,2856,985
2882,2898,472
2882,2858,1577
2882,2861,711
2968,2838,1002
2968,2930,1950
2968,2977,404
2969,2964,367
2969,2838,1064
2969,2930,2049
2969,2100,2783
2969,7228,817
2969,2977,518
2969,2986,194
2930,2835,757
2930,2881,1278
2930,2842,794
2930,3684,2948
2930,2964,1710
2930,2838,1138
2930,2882,1313
2930,2968,1950
2930,2969,2049
2930,2894,1761
2930,2100,2184
2930,4799,1456
2930,2848,1504
2930,7228,1268
2930,2849,663
2930,2879,1125
2930,2937,507
2930,2900,1008
2930,2959,815
2930,2942,423
2930,2977,1761
2930,2856,854
2930,2898,857
2930,2858,1156
2930,2861,945
2930,2948,642
2930,2921,667
2894,2882,852
2894,4799,373
2100,2838,1926
2100,2969,2783
2100,2930,2184
2100,7228,2547
2100,2977,2933
2100,2986,2947
4799,2964,2039
4799,2838,2071
4799,2882,498
4799,2930,1456
4799,2887,276
4799,2877,249
4799,2879,331
2848,2835,865
2848,2964,483
2848,2838,425
2848,2930,1504
2848,7228,532
7228,2835,888
7228,2881,847
7228,2964,455
7228,2838,623
7228,2882,1208
7228,2969,817
7228,2930,1268
7228,2100,2547
7228,2848,532
7228,2935,1100
7228,2977,507
7228,2858,500
7228,2861,560
7228,2903,511
2849,2838,506
2849,2930,663
2849,2856,381
2849,2861,636
2887,2882,602
2887,4799,276
2887,2877,286
2877,2882,317
2877,4799,249
2877,2887,286
2879,2882,448
2879,2930,1125
2879,4799,331
2926,2838,1347
2937,2930,507
2937,2948,144
2900,2838,1373
2900,2882,328
2900,2930,1008
2900,2898,254
2935,2835,526
2935,2964,1528
2935,2838,911
2935,2882,1357
2935,7228,1100
2959,2930,815
2942,2964,1544
2942,2838,1184
2942,2930,423
2942,2898,439
2977,2835,1375
2977,2964,268
2977,2838,1033
2977,2882,1386
2977,2968,404
2977,2969,518
2977,2930,1761
2977,2100,2933
2977,7228,507
2977,2858,913
2977,3123,2925
2977,2986,614
2977,2903,620
2106,2838,1590
2856,2964,889
2856,2838,683
2856,2882,985
2856,2930,854
2856,2849,381
2856,2858,605
2898,2882,472
2898,2930,857
2898,2900,254
2898,2942,439
2858,2835,517
2858,2964,723
2858,2882,1577
2858,2930,1156
2858,7228,500
2858,2977,913
2858,2856,605
2861,2882,711
2861,2930,945
2861,7228,560
2861,2849,636
3123,2977,2925
2948,2838,1667
2948,2930,642
2948,2937,144
2986,2964,531
2986,2838,1258
2986,2969,194
2986,2100,2947
2986,2977,614
2921,2930,667
2903,2881,391
2903,2964,776
2903,7228,511
2903,2977,620
1552,1563,284
1552,1548,273
1514,1548,2279
1318,1548,2735
1563,1552,284
333,1548,2846
3763,1548,1396
1548,1552,273
1548,1514,2279
1548,1318,2735
1548,333,2846
1548,3763,1396
601,611,195
611,601,195
53,67,666
53,3996,395
53,137,514
53,143,127
53,204,115
67,53,666
67,137,297
3996,53,395
137,53,514
137,67,297
143,53,127
204,53,115
3813,2804,1157
3813,2793,667
3813,2773,4171
3813,4724,3921
2784,2773,1276
4097,2773,1402
2804,3813,1157
2804,3855,3237
2793,3813,667
2793,3855,3098
2773,3813,4171
2773,2784,1276
2773,4097,1402
2773,4724,440
2773,2772,812
3855,2804,3237
3855,2793,3098
3855,2773,1967
3855,4724,2007
4724,3813,3921
4724,2773,440
4724,3855,2007
4724,2772,977
6398,2772,808
2772,2773,812
2772,4724,977
2772,6398,808
3049,3053,497
3049,3050,239
3032,3038,136
3032,3053,433
4823,3039,266
3038,3032,136
3038,3030,123
3038,3051,432
3039,4823,266
3039,4822,190
3030,3038,123
3030,3053,492
3053,3049,497
3053,3032,433
3053,3030,492
3053,3050,260
3053,4822,383
3050,3049,239
3050,3053,260
3051,3038,432
4822,3039,190
4822,3053,383
3813,4087,687
3755,4087,1276
2806,4087,845
1545,4087,2221
4087,3813,687
4087,3755,1276
4087,2806,845
4087,1545,2221
4087,2817,1117
2817,4087,1117
3745,1033,4507
1033,3745,4507
3684,3724,3669
3684,2266,3698
4645,2264,368
2264,4645,368
2264,2271,451
2264,2266,291
2206,3724,563
2271,2264,451
2271,3780,836
2271,3735,947
2151,3724,3227
2914,3724,2070
3724,3684,3669
3724,2206,563
3724,2151,3227
3724,2914,2070
3724,3780,860
3724,3735,973
3724,2181,1257
3724,3193,557
3780,2271,836
3780,3724,860
3735,2271,947
3735,3724,973
2181,3724,1257
2266,3684,3698
2266,2264,291
3193,3724,557
406,338,178
338,406,178
5989,54,1221
5989,126,361
28,130,257
28,145,518
31,68,376
36,67,344
4188,40,374
49,130,217
54,5989,1221
54,4210,121
54,152,629
59,194,362
67,36,344
68,31,376
71,194,194
4210,54,121
126,5989,361
130,158,1468
130,4235,68
138,40,330
144,152,1450
145,28,518
152,54,629
152,144,1450
4235,49,149
181,194,1218
194,59,362
194,71,194
40,4188,374
40,138,330
2206,2257,881
2257,2206,881
2257,3780,432
2257,2212,821
3780,2257,432
2212,2257,821
5399,3492,207
5399,5373,39
3330,3573,406
5432,5090,97
5432,3370,137
3573,3330,406
3573,4623,510
3573,3398,639
3573,3409,256
3573,3427,95
3573,3631,419
3573,3463,188
3573,5094,709
3573,5353,630
3573,3664,201
4623,3573,510
4623,4618,69
4623,4620,43
4623,5362,96
4623,5355,124
5089,4618,55
5090,5432,97
5090,3370,94
5418,5352,15
3398,3573,639
3398,5266,151
3398,5092,245
3398,5429,108
3398,4620,116
3398,5358,39
3398,5360,124
3398,5977,179
3398,4624,219
5400,5129,74
5400,3492,119
3370,5432,137
3370,5090,94
3370,5356,243
3370,3214,289
3211,3220,402
3211,3419,184
3409,3573,256
5266,5419,28
5129,5400,74
5129,3492,91
5406,5411,64
5406,3414,152
5352,5418,15
5352,5425,56
3427,3573,95
3631,3573,419
3631,3563,430
3631,5097,361
3631,3419,599
3220,3211,402
3563,3631,430
3563,5368,110
3563,5093,98
3563,5369,54
3563,5097,70
5091,3414,316
5091,5099,62
5407,3414,117
5407,5410,25
4618,4623,69
4618,5089,55
3463,3573,188
5092,5427,47
5092,4624,29
5368,3563,110
5368,5426,112
5401,5403,31
5401,3492,95
5093,3563,98
5093,5369,56
5411,5406,64
5411,5413,63
5411,5353,118
5429,3398,108
4620,4623,43
4620,3398,116
4620,5362,58
5425,5352,56
5425,5094,109
5419,3398,153
5094,3573,709
5094,5425,109
5094,4622,20
5405,5408,12
5405,5409,82
5095,3492,127
5360,5429,19
5360,5419,48
5424,5141,113
5359,3398,21
5426,3563,41
5361,5362,38
4622,5094,20
5096,3398,246
5356,3370,243
5356,3419,96
5369,3563,54
5369,5093,56
5402,5399,47
5402,3492,249
3414,5406,152
3414,5091,316
3414,5407,117
3414,5405,103
3414,5098,195
3414,5413,203
3414,5099,262
3414,5408,91
3414,5353,235
3414,5409,175
3414,5410,99
5977,5096,68
5403,5401,31
5403,3492,69
3492,5399,207
3492,5400,119
3492,5129,91
3492,5401,95
3492,5403,69
3492,5373,237
3492,5404,119
3492,5100,77
3214,3370,289
5097,3631,361
5097,3563,70
5362,4623,96
5362,3398,114
5362,4620,58
3419,3211,184
3419,3631,599
3419,5356,96
5427,3398,232
5373,5402,12
5098,3414,195
5098,5409,115
5355,4623,124
5413,5411,63
5413,3414,203
5413,5353,57
5441,4623,126
5412,5353,78
5099,5091,62
5099,3414,262
5408,5405,12
5408,3414,91
5141,5424,113
5353,3573,630
5353,5413,57
5353,5412,78
4624,5092,29
4624,5427,34
3664,3573,201
5409,5405,82
5409,3414,175
5404,3492,119
5410,5407,25
5410,3414,99
5100,5095,70
2748,2707,391
2748,2750,120
2748,1704,672
2748,3375,1828
2748,2724,347
2749,2748,194
2681,2750,243
2707,2748,391
2707,2750,278
3675,2750,2830
2750,2749,75
2750,2681,243
2750,2707,278
2750,3675,2830
2750,1723,1055
2750,2700,137
2750,2704,352
2750,2608,975
2750,3375,1923
2750,2635,1688
2750,2755,850
2750,2752,904
2750,2724,253
1723,2750,1055
1704,2748,672
2700,2750,137
2704,2750,352
2608,2750,975
3375,2748,1828
3375,2750,1923
1836,2752,971
2635,2750,1688
2635,2755,886
2755,2750,850
2755,2635,886
1707,2750,698
2752,2750,904
2752,1836,971
2724,2748,347
2724,2750,253
2809,2821,2470
2760,2821,872
2930,2821,1347
3813,2821,2962
3813,4773,2873
2821,2809,2470
2821,2760,872
2821,2930,1347
2821,3813,2962
2821,2764,692
2821,4059,1605
2821,1655,3401
2821,2793,3581
2821,3855,2104
2821,2816,2555
2821,2103,1928
2821,2817,2108
2821,3202,1665
2764,2821,692
4059,2821,1605
1655,2821,3401
4773,3813,2873
4773,2793,3477
4773,3855,1904
4773,2816,2363
2793,2821,3581
2793,4773,3477
3855,2821,2104
3855,4773,1904
2816,2821,2555
2816,4773,2363
2103,2821,1928
2817,2821,2108
3202,2821,1665
1794,1743,57
1794,1761,289
1743,1794,57
1761,1794,289
1761,1795,465
1796,1795,377
1795,1761,465
1795,1796,377
1807,1811,299
1808,1807,32
1809,1811,323
1809,1825,264
4505,1811,223
1811,1807,299
1811,1808,329
1811,1809,323
1811,5855,237
5855,1811,237
1825,1809,264
2770,3813,1412
4788,3813,595
4788,2793,1085
3813,2770,1412
3813,4788,595
3813,4756,1100
3813,4767,975
3813,2805,1566
3813,4745,752
3813,4791,528
3813,4792,490
3813,5291,672
3813,4785,1903
3813,2828,409
4782,2834,979
4782,2808,426
4756,3813,1100
3755,2811,960
5250,2793,623
4767,3813,975
4772,2817,319
2804,2811,573
2804,2828,754
2834,4782,979
2834,2817,765
4768,2793,1094
2793,4788,1085
2793,5250,623
2793,4768,1094
2793,2805,2227
2793,4792,1100
2793,2811,1522
2793,2828,1048
2805,3813,1566
2805,2793,2227
2813,2817,395
2806,4049,1185
4745,3813,752
4791,3813,528
2808,4782,426
2808,2811,358
4049,2806,1185
2830,2817,785
4792,3813,490
4792,2793,1100
2817,4772,319
2817,2834,765
2817,2813,395
2817,2830,785
2817,2833,393
2817,5291,837
2817,4100,441
2833,2817,393
5291,3813,672
5291,2817,837
4100,2817,441
4785,3813,1903
2811,3755,960
2811,2804,573
2811,2793,1522
2811,2808,358
2828,3813,409
2828,2804,754
2828,2793,1048
3684,3196,1884
3684,3010,674
3196,3684,1884
3725,3724,3382
3010,3684,674
3010,3724,4320
3724,3725,3382
3724,3010,4320
3330,5396,136
5396,3330,136
5406,5407,36
5407,5406,36
5411,3414,209
5405,3414,103
3213,3492,266
3414,5411,209
3414,3492,294
3414,5414,165
3492,5095,127
3492,3414,294
5414,5409,10
5353,3414,235
5409,5098,115
5100,3492,77
4970,3182,689
3178,3816,1564
3196,3918,1137
3174,3816,1291
3174,3191,672
3198,5808,826
4999,3185,441
3205,3171,363
3205,3179,1128
3834,3184,411
3834,3185,269
3188,3176,1222
3894,3185,963
4969,3172,352
3192,3185,1587
3192,3816,1747
3192,3206,433
3189,3185,1813
3189,5003,738
3184,3834,411
3184,3816,526
3185,4999,441
3185,3834,269
3185,3894,963
3185,3192,1587
3185,3189,1813
3185,5003,1192
3185,3175,716
3185,3181,1271
3185,3816,321
3185,3176,601
3185,3169,2095
3185,3206,1966
3185,5001,326
3185,3814,1010
3185,5808,448
3185,3172,1678
3185,3179,1274
3185,4990,1273
3185,6424,1171
3185,4985,1036
5003,3189,738
5003,3185,1192
3197,3816,652
3197,3191,1305
3197,3123,2817
3175,3185,716
3175,3186,819
3181,3185,1271
3181,3202,1594
3816,3178,1564
3816,3174,1291
3816,3192,1747
3816,3184,526
3816,3185,321
3816,3197,652
3816,3190,2104
3816,3191,1889
3816,3177,1442
3816,3172,1691
3816,3179,1435
3816,3182,1186
5000,3169,2424
3190,3816,2104
3190,4985,962
3191,3174,672
3191,3197,1305
3191,3816,1889
3176,3188,1222
3176,3185,601
3169,3185,2095
3169,5000,2424
3206,3192,433
3206,3185,1966
3194,6424,778
3123,3197,2817
5001,3185,326
3814,3185,1010
3177,3816,1442
3193,3179,835
5808,3198,826
5808,3185,448
3171,3205,363
3172,4969,352
3172,3185,1678
3172,3816,1691
3202,3181,1594
3202,4990,1481
3179,3205,1128
3179,3185,1274
3179,3816,1435
3179,3193,835
3182,4970,689
3182,3816,1186
3186,3175,819
4990,3185,1273
4990,3202,1481
3918,3196,1137
6424,3185,1171
6424,3194,778
4985,3185,1036
4985,3190,962
3684,3053,611
3173,3053,1930
3724,3053,3742
3111,3053,1688
2873,3053,1112
3053,3684,611
3053,3173,1930
3053,3724,3742
3053,3111,1688
3053,2873,1112
5113,4161,88
5113,154,428
4161,154,392
29,117,38
29,154,172
86,162,261
4224,154,119
117,29,38
117,154,136
154,5113,428
154,29,172
154,4224,119
154,117,136
154,160,342
154,162,537
154,182,63
154,198,342
154,5987,406
154,4246,817
160,154,342
162,86,261
162,154,537
182,154,63
198,154,342
5987,154,406
4246,154,817
1640,1655,714
1659,1655,331
1643,1655,485
1643,2831,2502
1643,2826,2178
4047,1655,426
1346,1655,2236
1671,1655,1035
1666,1655,474
4465,1655,766
1673,1655,1050
